8.3\,  在一次面试中, 对48名应征者通过15个变量未选择, 这些变量为            
                                                                           

  1.申请表    2.外貌       3.学术能力    4.喜爱程度     5.自控力     
  6.理解力    7.诚实       8.销售能力    9.经验     10.驾驶          
  11. 志向    12.领悟力     13.潜力      14.合作能力    15.分布      

测得数据的相关系数矩阵如下:                                                
                                                                           
  1  2  3  4  5  6  7  8  9  10  11  12  13  14  15       
\hline                                                                     
1  1.00  0.24  0.04  0.31  0.09  0.23  -0.11  0.27  0.55  0.35  0.28  0.34  0.37  0.47  0.59                                       
2        1.00  0.12  0.38  0.43  0.37   0.35  0.48  0.14  0.34  0.55  0.51  0.51  0.28  0.38                                         
3              1.00  0.00  0.00  0.08  -0.03  0.05  0.27  0.09  0.04  0.20  0.29  -0.32 0.14                                                
4                    1.00  0.30  0.48   0.65  0.35  0.14  0.39  0.35  0.50  0.61  0.69  0.33                                                       
5                          1.00  0.81   0.41  0.82  0.02  0.70  0.04  0.72  0.68  0.48  0.25                                                            
6                                1.00   0.36  0.83  0.15  0.70  0.76  0.88  0.78  0.53  0.42                                                              
7                                       1.00  0.23 -0.16  0.28  0.21  0.39  0.42  0.45  0.00                                                                     
8                                             1.00  0.23  0.81  0.86  0.77  0.73  0.55  0.55  
9                                                   1.00  0.34  0.20  0.30  0.35  0.21  0.69       
10                                                        1.00  0.78  0.71  0.79  0.61  0.62           
11                                                              1.00  0.78  0.77  0.55  0.43                
12                                                                    1.00  0.88  0.55  0.53                     
13                                                                          1.00  0.54  0.57                          
14                                                                                1.00  0.40                               
15                                                                                      1.00                                    

试对其做因子分析, 并通过正交旋转, 对因子给出一个解释.                      
