NO  1971.1  1972.1  1971.2 1972.2 1971.3  1972.3 1971.4 1972.4 1971.5 1972.5 1971.6 1972.6           
1  82.85 74.35  150  162 8.97  9.76  12.6 12.2 261  337 11.8  13.7  
2  79.10 66.05  163  145 10.19 10.10 13.1 12.5 320  351 14.3  13.9  
3  86.95 80.30  181  156 9.63  10.71 13.5 13.8 339  424 15.4  17.7  
4  83.31 77.60  205  148 9.47  10.75 13.8 13.0 287  379 12.7  17.3  
5  88.90 80.45  187  142 9.59  9.56  13.3 12.4 308  327 14.3  13.8  
6  83.10 81.00  182  200 9.19  10.48 12.8 13.9 314  378 13.9  15.7  
7  89.50 85.05  152  163 9.60  10.90 13.5 13.3 311  367 13.5  16.3  
8  86.50 80.75  188  170 9.30  10.65 12.5 13.0 281  372 12.9  15.1  
9  87.30 80.95  170  165 9.00  10.57 12.7 13.8 264  357 11.8  14.6  
10 88.75 64.40  193  142 9.78  10.21 13.4 12.2 293  352 14.0  14.8  
11 84.60 75.90  188  157 10.43 10.79 14.2 13.6 346  357 16.7  13.8  
12 83.60 69.00  164  170 9.58  8.61  13.9 9.8  290  258 13.0  9.4   
13 86.60 82.25  193  156 10.43 11.06 15.3 13.8 336  404 15.7  17.5  
14 84.55 80.75  200  156 9.07  11.14 12.6 14.7 237  412 10.4  17.1  
15 87.95 82.25  202  164 9.31  10.30 14.4 13.3 287  390 11.7  17.2  
16 85.50 79.55  225  174 10.32 10.75 12.9 13.4 355  400 16.5  16.9  
17 86.30 81.90  184  163 9.50  10.75 12.7 13.4 300  355 13.4  16.5  
18 86.10 83.55  198  182 9.73  11.43 13.7 14.3 295  406 12.8  15.0  
19 81.80 65.45  203  147 10.41  9.55 13.9 11.3 314  300 13.1  12.0  
20 75.20 68.00  185  156 10.10  9.88 13.4 11.7 320  330 15.9  13.2  
21 78.60 66.85  174  194  9.77  9.56 12.6 11.9 310  304 13.8   9.3  
22 85.20 81.45  159  192  9.92 11.12 13.5 14.2 286  384 12.1  17.8  
23 81.05 75.65  189  191  9.74 10.93 15.0 13.7 307  380 13.6  13.0  
24 86.65 77.30  198  170 10.22 11.09 14.0 14.1 324  404 13.4  16.3  
25 89.30 81.35  212  186  9.90 10.41 13.5 13.3 323  340 14.4  12.5  
26 84.50 79.45  173  165  9.86 10.79 13.0 13.6 282  384 12.2  14.4  
27 88.30 81.35  212  198 10.08 10.53 13.6 13.4 328  310 15.0  13.8  