4  6  1  8  4  1  3  3  1  0  0  1 24 2    2   0                             
14 12 14 33 39 1  33 17 15 6  3  5 39 44   48  1                   
21 14 3  5  20 5  15 8  1  0  5  0 46 32   36  0                       
0  0  0  2  0  0   1 1  0  1  0  0  0  0    0  0                              
6  9  2  16 21 7  20 8  7  1  1  1 23 19   24  2                        
21 6  0  5  7  2  14 5  4  1  1  0 24 26   21  0                         
3  2  0  7  1  0  1  3  1  1  0  0  9  0   2   7                              
3  1  1  4  3  0  2  2  3  0  0  0  7  3   2   0                              
3  2  0  1  0  0  0  0  2  0  0  0  3  5   1   0                              
75 52 21 81 95 16 89 47 34 10 10 7 175 131 136 10                        
                                                                                   