71.0 56.5 56.0 61.0 65.0 62.0 53.0 53.0 65.0 57.0 66.5 59.1 64.0 69.5 64.0 56.5 57.0 55.0 57.0 58.0 59.5 61.0 57.0 57.5 74.0 72.0 62.5 68.0 63.4 68.0 69.0 73.0 65.0 71.0 60.2 55.0 70.0 64.0
1629 1569 1561 1619 1566 1639 1494 1568 1540 1530 1622 1486 1578 1645 1648 1521 1547 1505 1473 1538 1513 1653 1566 1580 1647 1620 1637 1528 1647 1605 1625 1615 1610 1572 1534 1536 1630 1640                                   


                                            


                                           


                                                                                                                                        

                                                      
                                                                                                             
