1   189  245  137  163 1                                             
2   192  260  132  217 1                                              
3   217  276  141  192 1                                               
4   221  299  142  213 1                                               
5   171  239  128  158 1                                               
6   192  262  147  173 1                                            
7   213  278  136  201 1                                              
8   192  255  128  185 1                                              
9   170  244  128  129 1                                               
10  201  276  146  186 1                                               
11  195  242  128  192 1                                               
12  205  263  147  192 1                                               
13  180  252  121  167 1                                               
14  192  283  138  183 1                                               
15  200  294  138  188 1                                               
16  192  277  150  177 1                                               
17  200  287  136  173 1                                              
18  181  255  146  183 1                                               
19  192  287  141  198 1                                               
1   181  305  184  209 2                                                                     
2   158  237  133  231 2
3   184  300  166  231 2
4   171  273  162  213 2
5   181  297  160  223 2
6   181  297  163  224 2
7   177  301  166  221 2
8   198  308  141  197 2
9   180  286  146  214 2
10  177  299  171  192 2
11  176  317  166  213 2
12  192  312  166  209 2
13  176  285  141  200 2
14  169  287  162  214 2
15  164  265  147  192 2
16  181  308  157  204 2
17  192  276  154  209 2
18  181  278  149  235 2
19  175  271  140  192 2
20  197  303  170  205 2